3.259747102856636047e-02 9.673730134963989258e-01 2.957163087558001280e-05
4.203089512884616852e-03 2.388341999903786927e-05 9.957730174064636230e-01
2.873923480510711670e-01 4.253542125225067139e-01 2.872534394264221191e-01
4.360272735357284546e-02 9.563589692115783691e-01 3.830416608252562582e-05
2.169407345354557037e-02 3.916577770723961294e-05 9.782667756080627441e-01
8.658516407012939453e-01 2.299886569380760193e-02 1.111495345830917358e-01
9.785057976841926575e-03 9.901808500289916992e-01 3.407617987249977887e-05
4.299240652471780777e-03 2.487615274731069803e-04 9.954519867897033691e-01
1.924290806055068970e-01 6.605296730995178223e-01 1.470412313938140869e-01
5.204494111239910126e-03 9.946487545967102051e-01 1.467761030653491616e-04
3.438174957409501076e-03 1.689492346486076713e-04 9.963929057121276855e-01
3.613638877868652344e-01 4.711951315402984619e-01 1.674409359693527222e-01
2.629149891436100006e-02 9.733716249465942383e-01 3.368544857949018478e-04
1.223291922360658646e-02 1.246488682227209210e-04 9.876424074172973633e-01
5.268240571022033691e-01 2.508158795535564423e-03 4.706678092479705811e-01
7.018131762742996216e-02 9.296592473983764648e-01 1.594359928276389837e-04
1.986404694616794586e-02 3.369486876181326807e-05 9.801022410392761230e-01
7.458826899528503418e-01 1.224286668002605438e-02 2.418744117021560669e-01
1.342714671045541763e-02 9.865364432334899902e-01 3.650707003544084728e-05
5.056606139987707138e-03 3.066844656132161617e-04 9.946367144584655762e-01
3.871781826019287109e-01 3.407757878303527832e-01 2.720460295677185059e-01
2.131145074963569641e-02 9.783822298049926758e-01 3.063767799176275730e-04
3.909761086106300354e-03 1.778594887582585216e-04 9.959123730659484863e-01
9.416579008102416992e-01 5.694563314318656921e-02 1.396468142047524452e-03
2.166555821895599365e-01 5.274895429611206055e-01 2.558549046516418457e-01
2.143587023019790649e-01 1.685510724782943726e-01 6.170901656150817871e-01
3.614487051963806152e-01 3.887962102890014648e-01 2.497551143169403076e-01
2.036183178424835205e-01 7.164826393127441406e-01 7.989900559186935425e-02
7.670918852090835571e-02 2.660401724278926849e-02 8.966867923736572266e-01
8.042417168617248535e-01 5.676331464201211929e-03 1.900818794965744019e-01
3.507495820522308350e-01 5.071071386337280273e-01 1.421433687210083008e-01
3.256210088729858398e-01 1.315742582082748413e-01 5.428047776222229004e-01
9.946888685226440430e-01 3.106988966464996338e-03 2.204187680035829544e-03
2.267293334007263184e-01 7.177192568778991699e-01 5.555148050189018250e-02
7.164779305458068848e-02 2.530813775956630707e-02 9.030440449714660645e-01
9.843522906303405762e-01 9.511180222034454346e-03 6.136462558060884476e-03
3.011096119880676270e-01 5.030700564384460449e-01 1.958203464746475220e-01
2.961895763874053955e-01 1.542913317680358887e-01 5.495190024375915527e-01
9.505612254142761230e-01 2.037422265857458115e-03 4.740131646394729614e-02
3.046970367431640625e-01 5.026750564575195312e-01 1.926278471946716309e-01
3.199985623359680176e-01 1.859389990568161011e-01 4.940624833106994629e-01
6.192287802696228027e-01 2.044362425804138184e-01 1.763349622488021851e-01
3.846148848533630371e-01 4.667419791221618652e-01 1.486431211233139038e-01
3.615705370903015137e-01 2.296925336122512817e-01 4.087368547916412354e-01
8.522117137908935547e-01 1.245689243078231812e-01 2.321939356625080109e-02
3.861639797687530518e-01 4.385522902011871338e-01 1.752837300300598145e-01
3.473490476608276367e-01 1.795505434274673462e-01 4.731003642082214355e-01
8.572460711002349854e-02 4.310734942555427551e-02 8.711680769920349121e-01
2.788996100425720215e-01 3.954327702522277832e-01 3.256675601005554199e-01
2.602288424968719482e-01 1.353935450315475464e-01 6.043775677680969238e-01
4.039077162742614746e-01 2.324341088533401489e-01 3.636581897735595703e-01
3.007395267486572266e-01 5.818705558776855469e-01 1.173899248242378235e-01
2.228384464979171753e-01 9.564258903264999390e-02 6.815189123153686523e-01
2.040690481662750244e-01 5.776853561401367188e-01 2.182456254959106445e-01
3.234135806560516357e-01 5.708699226379394531e-01 1.057165563106536865e-01
2.363328635692596436e-01 7.669023424386978149e-02 6.869769096374511719e-01
3.795119225978851318e-01 1.307834535837173462e-01 4.897045791149139404e-01
2.569394409656524658e-01 5.755110979080200195e-01 1.675494909286499023e-01
1.768905818462371826e-01 9.810940176248550415e-02 7.249999642372131348e-01
9.873690009117126465e-01 8.270285092294216156e-03 4.360659979283809662e-03
3.885160982608795166e-01 3.310421109199523926e-01 2.804417312145233154e-01
3.553432226181030273e-01 1.503630429506301880e-01 4.942936301231384277e-01
9.008984565734863281e-01 8.904466032981872559e-02 1.005679182708263397e-02
2.936242818832397461e-01 6.051169633865356445e-01 1.012587845325469971e-01
2.978659570217132568e-01 1.397261619567871094e-01 5.624078512191772461e-01
4.714180529117584229e-01 6.487116962671279907e-02 4.637107849121093750e-01
2.555054426193237305e-01 6.549020409584045410e-01 8.959257602691650391e-02
2.135026454925537109e-01 1.342981308698654175e-01 6.521992087364196777e-01
2.501150965690612793e-01 7.477813363075256348e-01 2.103612292557954788e-03
1.615845113992691040e-01 7.654588818550109863e-01 7.295658439397811890e-02
1.109939590096473694e-01 8.751977980136871338e-02 8.014861941337585449e-01
9.988920092582702637e-01 6.841548602096736431e-04 4.238714464008808136e-04
2.732491493225097656e-01 5.511157512664794922e-01 1.756351441144943237e-01
2.069786339998245239e-01 6.590919941663742065e-02 7.271122336387634277e-01
6.768906116485595703e-02 9.231846928596496582e-01 9.126267395913600922e-03
2.960762977600097656e-01 4.895551502704620361e-01 2.143685817718505859e-01
2.780429422855377197e-01 2.041906565427780151e-01 5.177663564682006836e-01
3.023882210254669189e-01 3.026229441165924072e-01 3.949888348579406738e-01
2.833975553512573242e-01 4.757366776466369629e-01 2.408657819032669067e-01
2.814449369907379150e-01 2.805127799510955811e-01 4.380421936511993408e-01
2.476324886083602905e-01 3.582656383514404297e-01 3.941019475460052490e-01
3.273355662822723389e-01 5.131376385688781738e-01 1.595268100500106812e-01
2.996356487274169922e-01 1.488398015499114990e-01 5.515244603157043457e-01
3.358178734779357910e-01 2.559101879596710205e-01 4.082719683647155762e-01
2.724131047725677490e-01 6.586222648620605469e-01 6.896463781595230103e-02
1.600189656019210815e-01 5.443544313311576843e-02 7.855455875396728516e-01
8.952857255935668945e-01 8.474604785442352295e-02 1.996819116175174713e-02
3.039849102497100830e-01 6.560884714126586914e-01 3.992670774459838867e-02
1.234110444784164429e-01 3.913652151823043823e-02 8.374523520469665527e-01
2.035334706306457520e-01 1.990135312080383301e-01 5.974529981613159180e-01
3.179745078086853027e-01 5.750245451927185059e-01 1.070009693503379822e-01
3.248508572578430176e-01 1.280438005924224854e-01 5.471053123474121094e-01
3.847108781337738037e-01 3.935792446136474609e-01 2.217099070549011230e-01
3.886835873126983643e-01 4.400346279144287109e-01 1.712817996740341187e-01
3.839238584041595459e-01 1.728095710277557373e-01 4.432665705680847168e-01
9.075009822845458984e-01 1.225017104297876358e-02 8.024887740612030029e-02
2.647243738174438477e-01 6.851750612258911133e-01 5.010059103369712830e-02
1.109571829438209534e-01 2.263147383928298950e-02 8.664112687110900879e-01
8.178793191909790039e-01 1.396390497684478760e-01 4.248160868883132935e-02
3.518524765968322754e-01 4.643512368202209473e-01 1.837962716817855835e-01
3.173438012599945068e-01 9.757410734891891479e-02 5.850821137428283691e-01
5.395065546035766602e-01 4.171393811702728271e-01 4.335404187440872192e-02
2.826014161109924316e-01 4.009952545166015625e-01 3.164033591747283936e-01
3.034417033195495605e-01 1.737650632858276367e-01 5.227932929992675781e-01
9.852960705757141113e-01 8.751819841563701630e-03 5.952088627964258194e-03
3.090494871139526367e-01 3.805761635303497314e-01 3.103742897510528564e-01
2.982143461704254150e-01 2.751214504241943359e-01 4.266642034053802490e-01
9.445426464080810547e-01 1.729884743690490723e-02 3.815858438611030579e-02
1.603064835071563721e-01 7.775845527648925781e-01 6.210892274975776672e-02
1.982165724039077759e-01 1.114950850605964661e-01 6.902883648872375488e-01
2.052350938320159912e-01 1.679978370666503906e-01 6.267670989036560059e-01
3.166045844554901123e-01 5.368692874908447266e-01 1.465261280536651611e-01
2.697643637657165527e-01 2.070425599813461304e-01 5.231930613517761230e-01
3.746037185192108154e-01 6.243914961814880371e-01 1.004764926619827747e-03
2.792241275310516357e-01 6.111416816711425781e-01 1.096341013908386230e-01
2.150346487760543823e-01 1.052279099822044373e-01 6.797374486923217773e-01
5.373545289039611816e-01 6.831481005065143108e-04 4.619623124599456787e-01
1.308311820030212402e-01 7.300983667373657227e-01 1.390704959630966187e-01
1.907571256160736084e-01 1.288467794656753540e-01 6.803961396217346191e-01
9.882410168647766113e-01 3.592453664168715477e-03 8.166535757482051849e-03
3.300883769989013672e-01 4.560826718807220459e-01 2.138290256261825562e-01
3.268727660179138184e-01 2.275200486183166504e-01 4.456071555614471436e-01
9.408633708953857422e-01 5.271483585238456726e-02 6.421842146664857864e-03
2.373531609773635864e-01 5.835492610931396484e-01 1.790975779294967651e-01
2.125559151172637939e-01 1.273666471242904663e-01 6.600773930549621582e-01
3.581816256046295166e-01 5.886545777320861816e-01 5.316386371850967407e-02
2.004811316728591919e-01 7.314157485961914062e-01 6.810314953327178955e-02
2.462639808654785156e-01 8.436077088117599487e-02 6.693752408027648926e-01
3.707366287708282471e-01 2.604216635227203369e-01 3.688417375087738037e-01
1.708712428808212280e-01 7.561932802200317383e-01 7.293545454740524292e-02
1.443172991275787354e-01 7.318741828203201294e-02 7.824953198432922363e-01
4.791793823242187500e-01 2.570725083351135254e-01 2.637481093406677246e-01
2.088284492492675781e-01 6.974813342094421387e-01 9.369023144245147705e-02
2.018753886222839355e-01 1.111760661005973816e-01 6.869485974311828613e-01
3.465817272663116455e-01 5.998457074165344238e-01 5.357262864708900452e-02
2.614682316780090332e-01 6.388335227966308594e-01 9.969826787710189819e-02
2.620851993560791016e-01 9.851688891649246216e-02 6.393979191780090332e-01
9.797573685646057129e-01 1.724248751997947693e-02 3.000120632350444794e-03
1.760903894901275635e-01 6.467221379280090332e-01 1.771875023841857910e-01
1.473431140184402466e-01 7.171960920095443726e-02 7.809372544288635254e-01
9.321094155311584473e-01 4.735802114009857178e-02 2.053255029022693634e-02
2.256031036376953125e-01 6.233030557632446289e-01 1.510939151048660278e-01
1.755311489105224609e-01 1.320544779300689697e-01 6.924143433570861816e-01
9.818333983421325684e-01 6.148951128125190735e-03 1.201762165874242783e-02
3.072546720504760742e-01 5.548614263534545898e-01 1.378839313983917236e-01
3.050043284893035889e-01 1.476277410984039307e-01 5.473679304122924805e-01
8.062428236007690430e-01 6.983944028615951538e-02 1.239177361130714417e-01
2.172587513923645020e-01 6.166541576385498047e-01 1.660871058702468872e-01
1.707596331834793091e-01 1.223867908120155334e-01 7.068535685539245605e-01
2.706825137138366699e-01 3.446070849895477295e-01 3.847104310989379883e-01
2.351278364658355713e-01 5.194078683853149414e-01 2.454643100500106812e-01
8.644173294305801392e-02 7.176089286804199219e-02 8.417973518371582031e-01
3.434391915798187256e-01 4.759152531623840332e-01 1.806454807519912720e-01
2.169939577579498291e-01 5.996536016464233398e-01 1.833524256944656372e-01
2.057388126850128174e-01 1.869870126247406006e-01 6.072741150856018066e-01
2.912722229957580566e-01 3.642555773258209229e-01 3.444721400737762451e-01
2.010788321495056152e-01 7.042325139045715332e-01 9.468861669301986694e-02
1.182107552886009216e-01 4.673728346824645996e-02 8.350519537925720215e-01
2.456894367933273315e-01 3.837913870811462402e-01 3.705191612243652344e-01
3.441123366355895996e-01 4.766080677509307861e-01 1.792796254158020020e-01
2.531473338603973389e-01 1.090571433305740356e-01 6.377955079078674316e-01
3.386862576007843018e-01 3.545012176036834717e-01 3.068124651908874512e-01
3.381966650485992432e-01 4.510170221328735352e-01 2.107863575220108032e-01
2.645184993743896484e-01 1.463953405618667603e-01 5.890861749649047852e-01
3.016884922981262207e-01 3.270975947380065918e-01 3.712138831615447998e-01
2.868882715702056885e-01 6.771714687347412109e-01 3.594027832150459290e-02
1.039573103189468384e-01 2.920071594417095184e-02 8.668419122695922852e-01
9.556946754455566406e-01 3.846679255366325378e-02 5.838579498231410980e-03
2.434874773025512695e-01 3.827481567859649658e-01 3.737643361091613770e-01
2.574768960475921631e-01 3.583928644657135010e-01 3.841302990913391113e-01
9.983422756195068359e-01 1.397038344293832779e-03 2.606528869364410639e-04
2.405122965574264526e-01 3.719519972801208496e-01 3.875357508659362793e-01
2.465029060840606689e-01 4.355006814002990723e-01 3.179963827133178711e-01
4.051055312156677246e-01 3.516797721385955811e-01 2.432146221399307251e-01
2.594512701034545898e-01 3.804266154766082764e-01 3.601220846176147461e-01
3.149669766426086426e-01 3.362894952297210693e-01 3.487435281276702881e-01
3.930580914020538330e-01 2.534471154212951660e-01 3.534947633743286133e-01
2.674504518508911133e-01 4.359880387783050537e-01 2.965614795684814453e-01
3.102381229400634766e-01 3.014365136623382568e-01 3.883253931999206543e-01
4.724104404449462891e-01 4.234641790390014648e-01 1.041254028677940369e-01
2.031913548707962036e-01 5.101094841957092285e-01 2.866990864276885986e-01
2.687949538230895996e-01 3.318628966808319092e-01 3.993421196937561035e-01
9.755457043647766113e-01 3.632897278293967247e-03 2.082143537700176239e-02
1.619679927825927734e-01 4.987892806529998779e-01 3.392427861690521240e-01
2.063559889793395996e-01 3.429437875747680664e-01 4.507001936435699463e-01
9.086444973945617676e-01 8.608324080705642700e-02 5.272258073091506958e-03
3.114997148513793945e-01 2.322674393653869629e-01 4.562327861785888672e-01
3.153959214687347412e-01 4.596543014049530029e-01 2.249498963356018066e-01
7.620944380760192871e-01 3.453297540545463562e-02 2.033725976943969727e-01
2.506375610828399658e-01 3.500581085681915283e-01 3.993043005466461182e-01
2.862065732479095459e-01 3.521523773670196533e-01 3.616410493850708008e-01
3.494756817817687988e-01 3.271704614162445068e-01 3.233538866043090820e-01
2.094157487154006958e-01 4.023216664791107178e-01 3.882625401020050049e-01
2.619819939136505127e-01 3.290516436100006104e-01 4.089663922786712646e-01
3.397170305252075195e-01 2.587866187095642090e-01 4.014963209629058838e-01
2.954891622066497803e-01 3.321537673473358154e-01 3.723571300506591797e-01
3.186323344707489014e-01 3.934233188629150391e-01 2.879444062709808350e-01
3.810549080371856689e-01 2.385448366403579712e-01 3.804002404212951660e-01
3.368014991283416748e-01 2.597230970859527588e-01 4.034754037857055664e-01
3.064820468425750732e-01 3.963982462882995605e-01 2.971197366714477539e-01
9.978280663490295410e-01 7.674870430491864681e-04 1.404408481903374195e-03
2.937292158603668213e-01 4.294188916683197021e-01 2.768519222736358643e-01
2.987028360366821289e-01 3.164515495300292969e-01 3.848455548286437988e-01
1.907459050416946411e-01 3.947210013866424561e-01 4.145331084728240967e-01
2.547284364700317383e-01 3.225792944431304932e-01 4.226922690868377686e-01
2.857654392719268799e-01 3.621256947517395020e-01 3.521088361740112305e-01
9.799394607543945312e-01 1.880842144601047039e-03 1.817961223423480988e-02
2.333692461252212524e-01 3.907285630702972412e-01 3.759022057056427002e-01
2.865086495876312256e-01 3.928726017475128174e-01 3.206187188625335693e-01
8.549253344535827637e-01 1.694270595908164978e-02 1.281319558620452881e-01
2.372806668281555176e-01 3.845841586589813232e-01 3.781352341175079346e-01
2.664955854415893555e-01 3.735735118389129639e-01 3.599309325218200684e-01
2.918972074985504150e-01 3.416611552238464355e-01 3.664415776729583740e-01
3.131410777568817139e-01 2.064139693975448608e-01 4.804449975490570068e-01
3.093757331371307373e-01 4.926165044307708740e-01 1.980077177286148071e-01
1.921007037162780762e-01 4.721550643444061279e-01 3.357442319393157959e-01
4.207709729671478271e-01 4.840565025806427002e-01 9.517254680395126343e-02
4.103786349296569824e-01 1.094556078314781189e-01 4.801658093929290771e-01
1.708662956953048706e-01 2.920276485383510590e-02 7.999309301376342773e-01
3.049233853816986084e-01 4.670262634754180908e-01 2.280503064393997192e-01
3.457708954811096191e-01 2.011948376893997192e-01 4.530342519283294678e-01
3.366176486015319824e-01 3.348927199840545654e-01 3.284896612167358398e-01
2.898623347282409668e-01 3.936931490898132324e-01 3.164445161819458008e-01
2.906262278556823730e-01 2.642391920089721680e-01 4.451345503330230713e-01
2.783343493938446045e-01 2.967142164707183838e-01 4.249514639377593994e-01
4.425760209560394287e-01 4.145444035530090332e-01 1.428795754909515381e-01
5.068228244781494141e-01 1.684225499629974365e-01 3.247546255588531494e-01
9.985724687576293945e-01 1.298076822422444820e-03 1.293576642638072371e-04
2.109678089618682861e-01 4.817766845226287842e-01 3.072555065155029297e-01
2.253299057483673096e-01 4.186502993106842041e-01 3.560197651386260986e-01
6.946208477020263672e-01 2.569442987442016602e-01 4.843482747673988342e-02
2.079308331012725830e-01 4.290001094341278076e-01 3.630691468715667725e-01
2.896851003170013428e-01 2.750034332275390625e-01 4.353114366531372070e-01
9.031285047531127930e-01 7.003988604992628098e-03 8.986745774745941162e-02
2.599186003208160400e-01 3.535463511943817139e-01 3.865350186824798584e-01
2.324153333902359009e-01 3.323832154273986816e-01 4.352014958858489990e-01
3.097875714302062988e-01 2.705996632575988770e-01 4.196127653121948242e-01
2.134511023759841919e-01 3.775486052036285400e-01 4.090002477169036865e-01
2.204468697309494019e-01 3.312090337276458740e-01 4.483441114425659180e-01
4.084567427635192871e-01 4.115217030048370361e-01 1.800215691328048706e-01
2.168401181697845459e-01 4.129966497421264648e-01 3.701632618904113770e-01
2.914984524250030518e-01 3.209041357040405273e-01 3.875974118709564209e-01
2.836121618747711182e-01 3.620591461658477783e-01 3.543286919593811035e-01
2.195734083652496338e-01 3.907376229763031006e-01 3.896889090538024902e-01
2.520177960395812988e-01 3.458679318428039551e-01 4.021142721176147461e-01
9.978798627853393555e-01 1.210286282002925873e-03 9.098775335587561131e-04
2.044756710529327393e-01 3.923967778682708740e-01 4.031275212764739990e-01
2.668049037456512451e-01 3.305594921112060547e-01 4.026356339454650879e-01
1.700387597084045410e-01 7.213861681520938873e-03 8.227473497390747070e-01
2.355753481388092041e-01 3.593916594982147217e-01 4.050330221652984619e-01
2.851939201354980469e-01 3.264066278934478760e-01 3.883994519710540771e-01
5.807809829711914062e-01 3.973635137081146240e-01 2.185548469424247742e-02
2.875396013259887695e-01 5.378770232200622559e-01 1.745834052562713623e-01
3.121286034584045410e-01 3.190194964408874512e-01 3.688519597053527832e-01
6.620853543281555176e-01 1.883054524660110474e-01 1.496092528104782104e-01
2.125259637832641602e-01 6.886192560195922852e-01 9.885483980178833008e-02
2.815800607204437256e-01 1.961084604263305664e-01 5.223115086555480957e-01
4.116978943347930908e-01 5.106424093246459961e-01 7.765974849462509155e-02
3.485746085643768311e-01 5.415329933166503906e-01 1.098923757672309875e-01
2.925705015659332275e-01 2.165082395076751709e-01 4.909212589263916016e-01
7.840361595153808594e-01 1.680376827716827393e-01 4.792616516351699829e-02
1.717784851789474487e-01 6.572930216789245605e-01 1.709285378456115723e-01
2.134211063385009766e-01 2.783293724060058594e-01 5.082494616508483887e-01
4.045712947845458984e-01 3.392845690250396729e-01 2.561441659927368164e-01
2.666602730751037598e-01 4.016385376453399658e-01 3.317011296749114990e-01
3.398863971233367920e-01 3.405867218971252441e-01 3.195268809795379639e-01
9.786288738250732422e-01 5.094636697322130203e-03 1.627648249268531799e-02
2.641595005989074707e-01 3.932482600212097168e-01 3.425922989845275879e-01
2.519071102142333984e-01 4.212867915630340576e-01 3.268060386180877686e-01
4.758867919445037842e-01 2.620188295841217041e-01 2.620943486690521240e-01
2.946009337902069092e-01 3.867071270942687988e-01 3.186919391155242920e-01
2.880291640758514404e-01 3.817567825317382812e-01 3.302140831947326660e-01
8.251645565032958984e-01 1.726862043142318726e-01 2.149234758689999580e-03
1.620216667652130127e-01 2.149570733308792114e-01 6.230211853981018066e-01
2.072988599538803101e-01 6.051664352416992188e-01 1.875346899032592773e-01
3.114140033721923828e-01 4.413995742797851562e-01 2.471865266561508179e-01
2.139508873224258423e-01 5.605319142341613770e-01 2.255171239376068115e-01
2.255100011825561523e-01 3.216262459754943848e-01 4.528637528419494629e-01
9.968890547752380371e-01 1.375448191538453102e-03 1.735461060889065266e-03
3.136529326438903809e-01 3.783397376537322998e-01 3.080072700977325439e-01
3.208261132240295410e-01 3.582978248596191406e-01 3.208760023117065430e-01
6.515021622180938721e-02 8.961859345436096191e-01 3.866387158632278442e-02
3.937816023826599121e-01 3.874666988849639893e-01 2.187516540288925171e-01
3.298213183879852295e-01 2.409727424383163452e-01 4.292059540748596191e-01
7.429026365280151367e-01 1.567934751510620117e-01 1.003038138151168823e-01
2.752819657325744629e-01 2.554011344909667969e-01 4.693168997764587402e-01
2.849612236022949219e-01 5.065464377403259277e-01 2.084923386573791504e-01
6.582679748535156250e-01 1.547711938619613647e-01 1.869607269763946533e-01
3.236220777034759521e-01 2.781403064727783203e-01 3.982376158237457275e-01
3.370075821876525879e-01 3.337126076221466064e-01 3.292798399925231934e-01
9.900389313697814941e-01 9.765730239450931549e-03 1.953359023900702596e-04
3.105003833770751953e-01 3.773535192012786865e-01 3.121460974216461182e-01
3.309079110622406006e-01 2.952903211116790771e-01 3.738017678260803223e-01
3.515146672725677490e-01 3.455069661140441895e-01 3.029783070087432861e-01
3.445843756198883057e-01 3.462311029434204102e-01 3.091844916343688965e-01
3.056471347808837891e-01 2.840912640094757080e-01 4.102615416049957275e-01
6.062039732933044434e-01 3.879719078540802002e-01 5.824154708534479141e-03
2.864268720149993896e-01 3.598274886608123779e-01 3.537456393241882324e-01
3.265120387077331543e-01 3.153642117977142334e-01 3.581238090991973877e-01
4.758240282535552979e-01 1.736113727092742920e-01 3.505646884441375732e-01
1.967822462320327759e-01 2.143290042877197266e-01 5.888887047767639160e-01
2.318464517593383789e-01 6.216934323310852051e-01 1.464601308107376099e-01
9.359749555587768555e-01 2.350226044654846191e-03 6.167481839656829834e-02
2.788259387016296387e-01 2.933377623558044434e-01 4.278363585472106934e-01
3.449750244617462158e-01 2.064608484506607056e-01 4.485642015933990479e-01
9.930354952812194824e-01 1.759188715368509293e-03 5.205257330089807510e-03
3.554391860961914062e-01 2.510833442211151123e-01 3.934774994850158691e-01
3.871632218360900879e-01 3.452261984348297119e-01 2.676106095314025879e-01
8.562240600585937500e-01 1.420167684555053711e-01 1.759168691933155060e-03
